1.0000 0.0000 0.0000 0.0000 0.0000 0.0000 0.0000 0.0000 0.0000 0.0000
1.0000 1.0000 0.0000 0.0000 0.0000 0.0000 0.0000 0.0000 0.0000 0.0000
1.0000 0.0000 1.0000 0.0000 0.0000 0.0000 0.0000 0.0000 0.0000 0.0000
1.0000 0.9062 1.0000 1.0000 0.0000 0.0000 0.0000 0.0000 0.0000 0.0000
1.0000 0.0312 1.0000 0.7500 1.0000 0.0000 0.0000 0.0000 0.0000 0.0000
1.0000 0.0156 1.0000 0.9062 1.0000 0.9375 0.0000 0.0000 0.0000 0.0000
1.0000 0.0000 1.0000 0.7812 0.9844 0.0781 1.0000 0.0000 0.0000 0.0000
0.0000 0.0000 0.0000 0.0000 0.0000 0.0000 0.0000 0.0000 0.0000 0.0000
0.0000 0.0000 0.0000 0.0000 0.0000 0.0000 0.0000 0.0000 0.0000 0.0000
0.0000 0.0000 0.0000 0.0000 0.0000 0.0000 0.0000 0.0000 0.0000 0.0000
