1.0000 0.0000 0.0000 0.0000 0.0000 0.0000 0.0000 0.0000 0.0000 0.0000
0.0156 1.0000 0.0000 0.0000 0.0000 0.0000 0.0000 0.0000 0.0000 0.0000
1.0000 1.0000 1.0000 0.0000 0.0000 0.0000 0.0000 0.0000 0.0000 0.0000
1.0000 1.0000 1.0000 1.0000 0.0000 0.0000 0.0000 0.0000 0.0000 0.0000
1.0000 1.0000 1.0000 1.0000 1.0000 0.0000 0.0000 0.0000 0.0000 0.0000
1.0000 1.0000 1.0000 0.9688 1.0000 1.0000 0.0000 0.0000 0.0000 0.0000
1.0000 0.9219 1.0000 0.4531 1.0000 1.0000 0.9844 0.0000 0.0000 0.0000
1.0000 1.0000 1.0000 1.0000 1.0000 1.0000 1.0000 1.0000 0.0000 0.0000
1.0000 1.0000 1.0000 0.9688 1.0000 1.0000 1.0000 1.0000 1.0000 0.0000
1.0000 1.0000 1.0000 0.8906 0.1094 1.0000 0.1250 1.0000 1.0000 1.0000
