1.0000 0.0000 0.0000 0.0000 0.0000 0.0000 0.0000 0.0000 0.0000 0.0000
1.0000 1.0000 0.0000 0.0000 0.0000 0.0000 0.0000 0.0000 0.0000 0.0000
1.0000 0.9531 1.0000 0.0000 0.0000 0.0000 0.0000 0.0000 0.0000 0.0000
1.0000 0.4844 1.0000 1.0000 0.0000 0.0000 0.0000 0.0000 0.0000 0.0000
1.0000 0.0156 1.0000 1.0000 1.0000 0.0000 0.0000 0.0000 0.0000 0.0000
1.0000 0.2500 1.0000 1.0000 1.0000 1.0000 0.0000 0.0000 0.0000 0.0000
1.0000 0.3906 1.0000 1.0000 1.0000 1.0000 1.0000 0.0000 0.0000 0.0000
1.0000 0.0000 1.0000 1.0000 1.0000 1.0000 1.0000 1.0000 0.0000 0.0000
1.0000 0.0156 1.0000 1.0000 1.0000 1.0000 0.9219 1.0000 0.9531 0.0000
1.0000 0.0000 1.0000 1.0000 1.0000 1.0000 0.6875 0.7500 1.0000 0.9375
