1.0000 0.0000 0.0000 0.0000 0.0000 0.0000 0.0000 0.0000 0.0000 0.0000
1.0000 1.0000 0.0000 0.0000 0.0000 0.0000 0.0000 0.0000 0.0000 0.0000
1.0000 0.2188 1.0000 0.0000 0.0000 0.0000 0.0000 0.0000 0.0000 0.0000
1.0000 0.0625 1.0000 1.0000 0.0000 0.0000 0.0000 0.0000 0.0000 0.0000
1.0000 0.0000 1.0000 1.0000 1.0000 0.0000 0.0000 0.0000 0.0000 0.0000
1.0000 0.0000 1.0000 1.0000 1.0000 1.0000 0.0000 0.0000 0.0000 0.0000
1.0000 0.0000 1.0000 1.0000 1.0000 0.1094 1.0000 0.0000 0.0000 0.0000
1.0000 0.0000 1.0000 1.0000 0.3750 0.0938 1.0000 1.0000 0.0000 0.0000
1.0000 0.0000 1.0000 1.0000 0.9531 0.9688 1.0000 1.0000 1.0000 0.0000
1.0000 0.0000 1.0000 1.0000 0.3906 0.0781 0.9375 1.0000 1.0000 1.0000
