1.0000 0.0000 0.0000 0.0000 0.0000 0.0000 0.0000 0.0000 0.0000 0.0000
1.0000 1.0000 0.0000 0.0000 0.0000 0.0000 0.0000 0.0000 0.0000 0.0000
1.0000 1.0000 1.0000 0.0000 0.0000 0.0000 0.0000 0.0000 0.0000 0.0000
1.0000 1.0000 1.0000 1.0000 0.0000 0.0000 0.0000 0.0000 0.0000 0.0000
1.0000 1.0000 0.3281 0.0000 1.0000 0.0000 0.0000 0.0000 0.0000 0.0000
1.0000 1.0000 0.7969 0.0000 1.0000 1.0000 0.0000 0.0000 0.0000 0.0000
1.0000 1.0000 1.0000 0.1094 1.0000 1.0000 1.0000 0.0000 0.0000 0.0000
1.0000 1.0000 0.9375 0.0781 1.0000 1.0000 1.0000 1.0000 0.0000 0.0000
1.0000 1.0000 0.9844 0.6875 1.0000 1.0000 1.0000 1.0000 0.8594 0.0000
1.0000 1.0000 1.0000 0.4062 1.0000 1.0000 1.0000 0.9531 1.0000 0.9688
