1.0000 0.0000 0.0000 0.0000 0.0000 0.0000 0.0000 0.0000 0.0000 0.0000
1.0000 1.0000 0.0000 0.0000 0.0000 0.0000 0.0000 0.0000 0.0000 0.0000
1.0000 1.0000 1.0000 0.0000 0.0000 0.0000 0.0000 0.0000 0.0000 0.0000
1.0000 1.0000 1.0000 1.0000 0.0000 0.0000 0.0000 0.0000 0.0000 0.0000
1.0000 1.0000 1.0000 1.0000 1.0000 0.0000 0.0000 0.0000 0.0000 0.0000
1.0000 1.0000 1.0000 1.0000 1.0000 1.0000 0.0000 0.0000 0.0000 0.0000
1.0000 1.0000 1.0000 1.0000 1.0000 0.8021 1.0000 0.0000 0.0000 0.0000
1.0000 1.0000 1.0000 1.0000 1.0000 0.9427 1.0000 1.0000 0.0000 0.0000
1.0000 0.9948 1.0000 1.0000 1.0000 1.0000 1.0000 1.0000 0.9948 0.0000
1.0000 1.0000 1.0000 1.0000 0.8229 1.0000 1.0000 1.0000 1.0000 1.0000
