1.0000 0.0000 0.0000 0.0000 0.0000 0.0000 0.0000 0.0000 0.0000 0.0000
1.0000 1.0000 0.0000 0.0000 0.0000 0.0000 0.0000 0.0000 0.0000 0.0000
1.0000 1.0000 1.0000 0.0000 0.0000 0.0000 0.0000 0.0000 0.0000 0.0000
1.0000 0.9896 1.0000 1.0000 0.0000 0.0000 0.0000 0.0000 0.0000 0.0000
1.0000 0.9948 1.0000 1.0000 1.0000 0.0000 0.0000 0.0000 0.0000 0.0000
1.0000 0.9948 1.0000 1.0000 1.0000 1.0000 0.0000 0.0000 0.0000 0.0000
1.0000 0.9688 1.0000 1.0000 1.0000 1.0000 1.0000 0.0000 0.0000 0.0000
1.0000 0.6458 1.0000 1.0000 1.0000 1.0000 0.4635 1.0000 0.0000 0.0000
1.0000 0.3177 1.0000 1.0000 1.0000 1.0000 0.1354 1.0000 1.0000 0.0000
1.0000 0.1510 0.9896 1.0000 1.0000 1.0000 0.1302 1.0000 0.1979 1.0000
