1.0000 0.0000 0.0000 0.0000 0.0000 0.0000 0.0000 0.0000 0.0000 0.0000
1.0000 1.0000 0.0000 0.0000 0.0000 0.0000 0.0000 0.0000 0.0000 0.0000
1.0000 0.9740 1.0000 0.0000 0.0000 0.0000 0.0000 0.0000 0.0000 0.0000
1.0000 1.0000 1.0000 1.0000 0.0000 0.0000 0.0000 0.0000 0.0000 0.0000
1.0000 1.0000 1.0000 1.0000 1.0000 0.0000 0.0000 0.0000 0.0000 0.0000
1.0000 1.0000 0.9896 1.0000 1.0000 1.0000 0.0000 0.0000 0.0000 0.0000
1.0000 0.9531 0.9792 1.0000 1.0000 1.0000 1.0000 0.0000 0.0000 0.0000
1.0000 0.9583 0.9948 1.0000 1.0000 1.0000 1.0000 0.9948 0.0000 0.0000
1.0000 0.3177 0.6042 1.0000 1.0000 1.0000 0.0000 0.9896 1.0000 0.0000
1.0000 0.0208 0.8021 0.7344 1.0000 1.0000 0.0000 0.2448 1.0000 0.9948
